loc:
  world: world
  x: -134.14572199444964
  y: 64.0
  z: 248.46607903666327
  yaw: 359.10046
  pitch: 18.900002
