loc:
  world: world
  x: -127.05577954102503
  y: 65.0
  z: 298.69736952730443
  yaw: 180.41162
  pitch: 0.29985994
